number of rakes: 46
mpc_sol:
146

LP objective (obj):
133.94616304771515

Time for Column Generation only (seconds):
2718.47

Time for Heuristic only (seconds):
4294.90

Overlap report + selected duties (tt):
Number of duties selected: 136
Total number of services: 934
Number of services that overlap in duties: 40
Number of services covered in duties: 934
Selected duties (tt): [[527, 534, 544, 553, 562, 571, 581, 589, 597, 605, 613, 621, 630, 639, 648, 657, 665, 673, 687], [530, 540, 549, 558, 567, 576, 584, 593, 601, 609, 620, 629, 638, 647, 656, 666, 683, 689], [531, 537, 546, 555, 564, 573, 583, 592, 600, 608, 617, 626, 635, 644, 653, 661, 672, 679, 686], [536, 545, 554, 563, 572, 580, 591, 599, 607, 616, 625, 634, 643, 652, 662, 670, 678, 684], [538, 547, 556, 565, 574, 582, 590, 598, 606, 615, 624, 633, 642, 651, 660, 668, 676], [738, 98, 169, 799, 272, 499, 511], [895], [396, 155, 191, 229, 268, 500], [897], [151, 790, 196, 461, 474, 283, 862], [153, 791, 198, 463, 476, 287, 864, 930], [175, 803, 223, 259, 846, 307], [179, 819, 256, 491, 314, 335], [793, 201, 464, 477, 289, 859, 325], [189, 457, 249, 841, 299, 326], [190, 812, 242, 484, 306, 329], [192, 810, 238, 482, 298, 863, 920], [199, 244, 487, 904, 925], [445, 458, 473, 281, 857, 321], [203, 817, 252, 489, 311, 868], [446, 227, 830, 278, 502], [205, 818, 831, 280, 905, 921], [206, 471, 277, 855, 318, 524], [207, 820, 837, 292, 508], [211, 822, 262, 495, 512, 523], [212, 470, 485, 304, 866, 932], [215, 251, 842, 301, 516], [907], [908], [910], [914], [913], [915], [892, 49, 385, 400, 415, 173, 232, 503], [890, 43, 382, 107, 772, 787, 242, 496], [363, 377, 391, 407, 161, 811, 270, 903], [358, 63, 748, 116, 419, 450, 485, 498], [200, 239, 836, 290, 510], [202, 816, 250, 291, 320, 522], [216, 253, 843, 302, 514], [193, 815, 248, 490, 312, 331], [213, 823, 264, 497, 322, 871], [401, 417, 171, 210, 469, 273, 853, 909, 917], [194, 462, 261, 848, 310, 526], [804, 225, 263, 849, 323], [805, 228, 267, 851, 315, 520], [217, 254, 293, 860, 923], [350, 364, 78, 756, 769, 782, 796, 817, 852], [208, 245, 839, 296, 324], [388, 422, 183, 808, 234, 480, 493, 507], [448, 231, 832, 282, 504], [928, 12, 366, 379, 392, 125, 778, 182], [444, 226, 829, 276, 501, 513], [879, 353, 369, 383, 398, 414, 177, 825, 909], [26, 729, 81, 119, 774, 164], [338, 16, 51, 386, 404, 151, 184], [806, 230, 269, 854, 865, 922], [352, 367, 380, 394, 410, 157, 795, 809, 845, 922], [882, 21, 371, 384, 111, 773, 785, 186], [403, 167, 802, 221, 475, 285, 317], [214, 824, 266, 300, 327, 525], [900, 467, 271, 305, 515], [449, 235, 834, 286, 316, 870], [219, 258, 295, 861, 918], [352, 368, 84, 120, 165, 204, 475, 912], [876, 698, 17, 52, 743, 894, 899], [236, 275, 856, 320, 334], [872, 10, 50, 97, 409, 420, 442, 478], [811, 240, 279, 858, 867, 333], [339, 40, 737, 110, 416, 429, 440, 472, 911], [356, 57, 106, 413, 171, 218, 488], [365, 378, 99, 150, 181, 828, 853, 909, 924], [891, 718, 58, 105, 770, 156, 195], [875, 703, 27, 66, 749, 896], [209, 821, 260, 494, 319, 931, 692], [354, 55, 102, 137, 170, 453, 486], [901, 257, 847, 308, 517], [877, 15, 722, 67, 393, 412, 163, 798], [886, 715, 730, 745, 763, 162, 222, 827], [874, 20, 725, 73, 397], [361, 375, 389, 143, 187, 466, 479, 902], [451, 237, 835, 288, 506, 519], [814, 246, 902, 916], [443, 460, 255, 844, 303, 330, 933], [455, 247, 840, 297, 328], [233, 833, 284, 505, 518], [224, 828, 274, 309, 869], [1, 708, 37, 76, 755, 898], [893, 720, 62, 103, 766, 148, 197], [454, 243, 838, 294, 509, 332], [343, 355, 370, 82, 126, 425, 452, 483], [456, 265, 850, 313, 521], [11, 53, 387, 121, 154, 458, 481], [345, 34, 733, 762, 775, 178, 241], [927, 7, 36, 735, 93, 408, 423, 435], [360, 374, 123, 779, 174, 220, 826, 906, 919], [696, 710, 41, 80, 758, 132, 434], [5, 32, 734, 91, 127, 160], [2, 22, 726, 75, 117, 152], [347, 44, 740, 757, 140, 185, 813], [884, 13, 721, 65, 113, 771, 158], [341, 24, 728, 79, 115, 777, 807], [885, 707, 35, 74, 754, 767, 784, 801], [881, 700, 714, 727, 77, 399], [344, 357, 61, 747, 114, 147, 792], [336, 6, 716, 731, 85, 406, 428, 439], [3, 28, 739, 100, 139, 172], [340, 30, 732, 87, 405, 145, 788], [889, 717, 56, 95, 130, 426, 188], [346, 359, 64, 750, 118, 149, 789], [695, 706, 33, 381, 129, 780, 176], [348, 48, 89, 131, 166, 447, 468], [336, 342, 362, 70, 753, 124, 421, 438], [4, 711, 724, 71, 395, 411, 424, 441], [0, 705, 31, 72, 752, 122], [929, 14, 54, 744, 108, 141, 786], [337, 18, 723, 69, 109, 142, 430], [529, 535, 543, 552, 561, 570, 579, 588, 602, 610, 618, 628, 637, 646, 655, 663, 671, 680, 685], [873, 349, 42, 83, 402], [694, 704, 29, 376, 390, 133, 168], [888, 713, 47, 92, 764, 776, 180], [883, 9, 719, 60, 101, 768, 781, 794], [697, 709, 726, 741, 104, 135, 783, 800], [929, 701, 23, 372, 90, 128, 432, 459], [880, 14, 59, 746, 112, 418, 431], [878, 8, 38, 736, 94, 418, 433], [887, 29, 68, 751, 765, 146, 436], [693, 702, 25, 373, 88, 760, 136], [699, 19, 59, 112, 159, 797], [880, 39, 96, 144, 437, 465, 492], [880, 712, 45, 86, 759, 134, 427], [351, 46, 742, 761, 138, 433, 465], [539, 548, 557, 566, 575, 585, 594, 603, 611, 619, 627, 636, 645, 654, 664, 675, 688], [528, 533, 542, 551, 560, 569, 578, 587, 596, 611, 619, 627, 636, 645, 654, 664, 674, 681, 691], [926, 532, 542, 551, 560, 569, 577, 586, 596, 604, 614, 622, 631, 640, 649, 658, 667, 675, 681, 690], [541, 550, 559, 568, 595, 612, 623, 632, 641, 650, 659, 669, 677, 682]]
