for label-setting
number of rakes: 20
mpc_sol:
146

LP objective (obj):
125.78306051795926

Time for Column Generation only (seconds):
33764.53

Time for Heuristic only (seconds):
8399.55

Overlap report + selected duties (tt):
Number of duties selected: 128
Total number of services: 934
Number of services that overlap in duties: 27
Number of services covered in duties: 934
Selected duties (tt): [[527, 534, 544, 553, 562, 571, 581, 589, 597, 605, 613, 621, 630, 639, 648, 657, 665, 673, 687], [926, 532, 539, 548, 557, 566, 575, 586, 594, 602, 614, 623, 632, 641, 650, 659, 667, 674, 685], [530, 540, 549, 558, 567, 576, 584, 593, 601, 609, 620, 629, 638, 647, 656, 666, 683, 689], [531, 537, 546, 555, 564, 573, 583, 592, 600, 608, 617, 626, 635, 644, 653, 661, 672, 679, 686], [536, 545, 554, 563, 572, 580, 591, 599, 607, 616, 625, 634, 643, 652, 662, 670, 678, 684], [538, 547, 556, 565, 574, 582, 590, 598, 606, 615, 624, 633, 642, 651, 660, 668, 676], [895], [897], [403, 167, 802, 221, 475, 285, 317], [153, 791, 198, 463, 476, 287, 864, 930], [175, 803, 223, 259, 846, 307], [189, 457, 249, 841, 299, 326], [193, 815, 248, 490, 312, 331], [907], [908], [910], [914], [913], [915], [203, 817, 252, 489, 311, 868], [197, 814, 246, 486, 309, 869], [876, 698, 17, 52, 743, 894, 899], [352, 368, 86, 140, 177, 807, 282], [190, 812, 242, 484, 306, 329], [892, 721, 734, 106, 414, 199, 264, 510], [184, 255, 844, 303, 514, 523], [738, 98, 169, 799, 272, 499, 511], [44, 85, 405, 163, 800, 274, 507], [151, 790, 196, 461, 474, 283, 862], [528, 533, 541, 550, 559, 568, 577, 585, 595, 604, 612, 622, 631, 640, 649, 658, 669, 681, 690], [793, 201, 464, 477, 289, 859, 325], [207, 244, 281, 857, 321, 524], [23, 372, 390, 145, 787, 238, 904], [401, 417, 171, 210, 469, 273, 853, 909, 917], [159, 230, 267, 850, 313, 519], [891, 41, 381, 404, 147, 187, 471, 504], [875, 703, 27, 66, 749, 896], [205, 818, 831, 280, 905, 921], [195, 232, 269, 851, 315, 332], [886, 29, 76, 114, 416, 434, 466, 502], [18, 724, 740, 754, 776, 788, 804, 832, 863], [174, 247, 840, 297, 512, 521], [178, 241, 837, 292, 322, 335], [356, 61, 748, 116, 418, 450, 271, 920], [363, 70, 753, 136, 431, 446, 480, 495, 912], [13, 49, 88, 158, 227, 854], [339, 32, 731, 751, 765, 777, 796, 821, 852], [444, 226, 829, 276, 501, 513], [182, 245, 839, 296, 324, 930, 692], [542, 551, 560, 569, 579, 588, 603, 611, 619, 628, 637, 646, 655, 663, 671, 677, 682, 688], [529, 535, 543, 552, 561, 570, 578, 587, 596, 610, 618, 627, 636, 645, 654, 664, 675, 680, 691], [361, 376, 389, 129, 166, 222, 284], [202, 816, 250, 291, 320, 522], [349, 42, 737, 756, 148, 220, 286], [219, 826, 270, 304, 867, 333], [217, 824, 266, 300, 865, 922], [12, 364, 84, 760, 154, 458, 902], [22, 727, 91, 125, 160, 447, 479], [929, 707, 58, 391, 409, 429, 442, 261, 858], [8, 59, 108, 143, 795, 825, 906, 924], [348, 54, 747, 767, 170, 448, 483, 505], [879, 20, 726, 75, 397], [365, 74, 120, 155, 200, 470, 497], [885, 35, 378, 99, 132, 425, 456, 491], [900, 243, 838, 294, 509, 520], [347, 48, 744, 124, 430, 462, 494, 508], [890, 717, 71, 111, 150, 435, 229], [887, 711, 43, 92, 128, 423, 440, 465], [172, 239, 836, 290, 319, 931, 692], [164, 237, 278, 314, 870], [209, 820, 258, 295, 323, 525], [872, 701, 37, 379, 393, 411, 192, 268, 912], [21, 373, 386, 121, 786, 234, 903], [883, 344, 360, 374, 90, 762, 780, 794, 828, 906, 916], [354, 57, 97, 131, 781, 228, 498], [24, 62, 395, 415, 188, 262, 496], [888, 714, 65, 107, 775, 176, 231], [358, 375, 96, 130, 424, 455, 279, 856], [901, 257, 845, 305, 518], [165, 225, 263, 848, 310, 517], [9, 51, 388, 119, 152, 224], [893, 720, 77, 115, 772, 784, 813, 849, 918], [889, 715, 89, 406, 157, 212, 265], [342, 30, 79, 406, 419, 451, 487, 503], [337, 346, 367, 382, 396, 413, 427, 438, 473, 500], [443, 253, 843, 302, 515], [345, 359, 68, 750, 118, 149, 216], [350, 46, 87, 127, 779, 218, 481], [181, 236, 275, 855, 318, 334], [449, 233, 833, 847, 308, 516, 526], [186, 235, 835, 288, 506, 330, 933], [338, 26, 81, 123, 156, 453, 478], [884, 351, 370, 383, 109, 769, 782, 215, 488], [338, 366, 80, 758, 770, 788, 801, 834, 861], [10, 362, 72, 112, 420, 452, 277], [341, 36, 733, 110, 421, 185, 827, 906, 925], [340, 353, 369, 82, 757, 144, 437, 472, 911], [191, 251, 842, 301, 328, 932], [697, 14, 50, 742, 763, 142, 433], [0, 45, 392, 407, 428, 214, 254], [179, 819, 256, 293, 860, 327], [881, 19, 55, 746, 126, 161, 808], [874, 16, 722, 67, 399], [11, 723, 739, 100, 133, 204, 482], [882, 704, 718, 732, 752, 138, 428, 460, 493], [882, 706, 47, 384, 113, 773, 206, 485], [213, 260, 298, 866, 923], [5, 40, 741, 759, 771, 783, 797, 809], [873, 28, 730, 83, 402], [877, 15, 729, 104, 135, 792, 806, 823], [693, 31, 377, 105, 146, 183, 810], [928, 700, 33, 78, 761, 774, 180, 467], [880, 702, 25, 64, 755, 898], [878, 705, 719, 60, 101, 134, 441, 459], [696, 713, 69, 394, 408, 422, 436, 211], [336, 343, 355, 371, 385, 398, 139, 789, 811], [699, 716, 53, 387, 117, 168, 445], [3, 357, 63, 102, 141, 208], [3, 34, 736, 94, 137, 194], [6, 39, 380, 103, 768, 162], [1, 708, 728, 764, 785, 240, 316], [927, 7, 38, 735, 93, 410, 432, 454], [695, 709, 56, 95, 766, 778, 798, 822], [694, 723, 756, 785, 817, 853, 871], [712, 749, 779, 810, 846, 871], [2, 368, 400, 412, 173, 805, 830, 906, 919], [4, 725, 745, 122, 426, 439, 468, 492], [4, 710, 73, 412, 426, 439, 468, 492]]
